35
69
88
84
77
51
85
10
35
69
88
84
45
88
45
86
69
82
83
73
79
78
58
53
10
35
69
88
84
45
88
45
84
65
82
71
69
84
68
85
82
65
84
73
79
78
58
53
10
35
69
88
84
45
88
45
68
73
83
67
79
78
84
73
78
85
73
84
89
45
83
69
81
85
69
78
67
69
58
48
10
35
69
88
84
45
88
45
77
69
68
73
65
45
83
69
81
85
69
78
67
69
58
50
54
10
35
69
88
84
45
88
45
80
82
79
71
82
65
77
45
68
65
84
69
45
84
73
77
69
58
50
48
50
54
45
48
56
45
49
48
84
49
57
58
50
54
58
52
53
46
48
48
48
90
10
35
69
88
84
45
88
45
75
69
89
58
77
69
84
72
79
68
61
65
69
83
45
49
50
56
44
85
82
73
61
34
104
116
116
112
115
58
47
47
109
99
100
110
45
48
49
46
112
108
117
116
111
116
118
46
110
101
116
47
108
105
118
101
47
118
49
47
112
114
100
47
86
101
118
111
50
107
47
116
115
95
97
101
115
47
49
55
56
52
54
53
54
55
50
49
46
107
101
121
34
44
73
86
61
48
120
48
48
48
48
48
48
48
48
48
48
48
48
48
48
48
48
48
48
48
48
48
48
48
48
68
69
53
54
50
50
56
67
10
35
69
88
84
73
78
70
58
53
44
10
104
116
116
112
115
58
47
47
109
99
100
110
45
48
49
46
112
108
117
116
111
116
118
46
110
101
116
47
118
49
47
106
105
116
47
115
99
104
109
40
97
101
115
41
47
99
40
116
115
41
47
105
118
40
48
48
48
48
48
48
48
48
48
48
48
48
48
48
48
48
48
48
48
48
48
48
48
48
68
69
53
54
50
50
56
67
41
47
104
40
100
101
102
97
117
108
116
41
47
107
101
121
40
49
55
56
52
54
53
54
55
50
49
46
107
101
121
41
47
115
109
117
120
40
50
48
50
54
48
55
50
49
95
49
55
53
56
52
49
37
50
70
97
117
100
105
111
37
50
70
97
117
100
105
111
95
101
110
37
50
70
56
53
55
52
54
55
49
56
51
50
48
54
52
48
46
116
115
41
47
98
112
40
108
105
118
101
37
50
70
118
49
37
50
70
112
114
100
37
50
70
86
101
118
111
50
107
37
50
70
116
115
95
97
101
115
41
47
112
40
50
48
50
54
48
55
50
49
95
49
55
53
56
52
49
37
50
70
118
105
100
101
111
37
50
70
55
50
48
112
45
50
52
48
48
48
48
48
41
47
115
105
103
110
47
118
49
47
97
52
74
86
100
90
53
108
66
71
80
69
82
55
57
99
105
87
53
100
77
100
69
88
86
69
104
101
49
105
113
74
81
49
52
89
53
110
57
106
52
120
65
61
47
49
54
48
55
55
53
48
57
54
56
53
48
48
48
48
46
116
115
10
35
69
88
84
45
88
45
75
69
89
58
77
69
84
72
79
68
61
65
69
83
45
49
50
56
44
85
82
73
61
34
104
116
116
112
115
58
47
47
109
99
100
110
45
48
49
46
112
108
117
116
111
116
118
46
110
101
116
47
108
105
118
101
47
118
49
47
112
114
100
47
86
101
118
111
50
107
47
116
115
95
97
101
115
47
49
55
56
52
54
53
54
55
50
49
46
107
101
121
34
44
73
86
61
48
120
48
48
48
48
48
48
48
48
48
48
48
48
48
48
48
48
48
48
48
48
48
48
48
48
68
69
53
54
50
50
56
67
10
35
69
88
84
73
78
70
58
53
44
10
104
116
116
112
115
58
47
47
109
99
100
110
45
48
49
46
112
108
117
116
111
116
118
46
110
101
116
47
118
49
47
106
105
116
47
115
99
104
109
40
97
101
115
41
47
99
40
116
115
41
47
105
118
40
48
48
48
48
48
48
48
48
48
48
48
48
48
48
48
48
48
48
48
48
48
48
48
48
68
69
53
54
50
50
56
67
41
47
104
40
100
101
102
97
117
108
116
41
47
107
101
121
40
49
55
56
52
54
53
54
55
50
49
46
107
101
121
41
47
115
109
117
120
40
50
48
50
54
48
55
50
49
95
49
55
53
56
52
49
37
50
70
97
117
100
105
111
37
50
70
97
117
100
105
111
95
101
110
37
50
70
56
53
55
52
54
55
49
56
53
54
48
50
53
54
46
116
115
41
47
98
112
40
108
105
118
101
37
50
70
118
49
37
50
70
112
114
100
37
50
70
86
101
118
111
50
107
37
50
70
116
115
95
97
101
115
41
47
112
40
50
48
50
54
48
55
50
49
95
49
55
53
56
52
49
37
50
70
118
105
100
101
111
37
50
70
55
50
48
112
45
50
52
48
48
48
48
48
41
47
115
105
103
110
47
118
49
47
81
45
121
75
98
121
116
73
95
56
54
102
113
70
105
107
48
79
116
56
102
75
51
111
104
80
108
120
67
103
102
85
113
87
121
119
71
120
73
115
54
77
73
61
47
49
54
48
55
55
53
48
57
55
51
48
48
48
48
48
46
116
115
10
35
69
88
84
45
88
45
75
69
89
58
77
69
84
72
79
68
61
65
69
83
45
49
50
56
44
85
82
73
61
34
104
116
116
112
115
58
47
47
109
99
100
110
45
48
49
46
112
108
117
116
111
116
118
46
110
101
116
47
108
105
118
101
47
118
49
47
112
114
100
47
86
101
118
111
50
107
47
116
115
95
97
101
115
47
49
55
56
52
54
53
54
55
50
49
46
107
101
121
34
44
73
86
61
48
120
48
48
48
48
48
48
48
48
48
48
48
48
48
48
48
48
48
48
48
48
48
48
48
48
68
69
53
54
50
50
56
67
10
35
69
88
84
73
78
70
58
53
44
10
104
116
116
112
115
58
47
47
109
99
100
110
45
48
49
46
112
108
117
116
111
116
118
46
110
101
116
47
118
49
47
106
105
116
47
115
99
104
109
40
97
101
115
41
47
99
40
116
115
41
47
105
118
40
48
48
48
48
48
48
48
48
48
48
48
48
48
48
48
48
48
48
48
48
48
48
48
48
68
69
53
54
50
50
56
67
41
47
104
40
100
101
102
97
117
108
116
41
47
107
101
121
40
49
55
56
52
54
53
54
55
50
49
46
107
101
121
41
47
115
109
117
120
40
50
48
50
54
48
55
50
49
95
49
55
53
56
52
49
37
50
70
97
117
100
105
111
37
50
70
97
117
100
105
111
95
101
110
37
50
70
56
53
55
52
54
55
49
56
56
48
48
56
57
54
46
116
115
41
47
98
112
40
108
105
118
101
37
50
70
118
49
37
50
70
112
114
100
37
50
70
86
101
118
111
50
107
37
50
70
116
115
95
97
101
115
41
47
112
40
50
48
50
54
48
55
50
49
95
49
55
53
56
52
49
37
50
70
118
105
100
101
111
37
50
70
55
50
48
112
45
50
52
48
48
48
48
48
41
47
115
105
103
110
47
118
49
47
65
90
88
112
76
118
73
76
66
116
109
67
101
90
98
117
101
109
113
87
99
71
121
50
100
77
45
83
54
79
86
107
116
89
107
57
87
114
121
78
101
103
52
61
47
49
54
48
55
55
53
48
57
55
55
53
48
48
48
48
46
116
115
10
35
69
88
84
45
88
45
75
69
89
58
77
69
84
72
79
68
61
65
69
83
45
49
50
56
44
85
82
73
61
34
104
116
116
112
115
58
47
47
109
99
100
110
45
48
49
46
112
108
117
116
111
116
118
46
110
101
116
47
108
105
118
101
47
118
49
47
112
114
100
47
86
101
118
111
50
107
47
116
115
95
97
101
115
47
49
55
56
52
54
53
54
55
50
49
46
107
101
121
34
44
73
86
61
48
120
48
48
48
48
48
48
48
48
48
48
48
48
48
48
48
48
48
48
48
48
48
48
48
48
68
69
53
54
50
50
56
67
10
35
69
88
84
73
78
70
58
53
44
10
104
116
116
112
115
58
47
47
109
99
100
110
45
48
49
46
112
108
117
116
111
116
118
46
110
101
116
47
118
49
47
106
105
116
47
115
99
104
109
40
97
101
115
41
47
99
40
116
115
41
47
105
118
40
48
48
48
48
48
48
48
48
48
48
48
48
48
48
48
48
48
48
48
48
48
48
48
48
68
69
53
54
50
50
56
67
41
47
104
40
100
101
102
97
117
108
116
41
47
107
101
121
40
49
55
56
52
54
53
54
55
50
49
46
107
101
121
41
47
115
109
117
120
40
50
48
50
54
48
55
50
49
95
49
55
53
56
52
49
37
50
70
97
117
100
105
111
37
50
70
97
117
100
105
111
95
101
110
37
50
70
56
53
55
52
54
55
49
57
48
52
48
53
49
50
46
116
115
41
47
98
112
40
108
105
118
101
37
50
70
118
49
37
50
70
112
114
100
37
50
70
86
101
118
111
50
107
37
50
70
116
115
95
97
101
115
41
47
112
40
50
48
50
54
48
55
50
49
95
49
55
53
56
52
49
37
50
70
118
105
100
101
111
37
50
70
55
50
48
112
45
50
52
48
48
48
48
48
41
47
115
105
103
110
47
118
49
47
98
57
77
111
55
90
104
120
52
76
112
102
76
67
106
48
55
122
116
76
67
54
79
120
103
76
113
79
65
73
56
110
45
56
48
87
54
95
57
113
109
54
89
61
47
49
54
48
55
55
53
48
57
56
50
48
48
48
48
48
46
116
115
10
35
69
88
84
45
88
45
75
69
89
58
77
69
84
72
79
68
61
65
69
83
45
49
50
56
44
85
82
73
61
34
104
116
116
112
115
58
47
47
109
99
100
110
45
48
49
46
112
108
117
116
111
116
118
46
110
101
116
47
108
105
118
101
47
118
49
47
112
114
100
47
86
101
118
111
50
107
47
116
115
95
97
101
115
47
49
55
56
52
54
53
54
55
50
49
46
107
101
121
34
44
73
86
61
48
120
48
48
48
48
48
48
48
48
48
48
48
48
48
48
48
48
48
48
48
48
48
48
48
48
68
69
53
54
50
50
56
67
10
35
69
88
84
73
78
70
58
53
44
10
104
116
116
112
115
58
47
47
109
99
100
110
45
48
49
46
112
108
117
116
111
116
118
46
110
101
116
47
118
49
47
106
105
116
47
115
99
104
109
40
97
101
115
41
47
99
40
116
115
41
47
105
118
40
48
48
48
48
48
48
48
48
48
48
48
48
48
48
48
48
48
48
48
48
48
48
48
48
68
69
53
54
50
50
56
67
41
47
104
40
100
101
102
97
117
108
116
41
47
107
101
121
40
49
55
56
52
54
53
54
55
50
49
46
107
101
121
41
47
115
109
117
120
40
50
48
50
54
48
55
50
49
95
49
55
53
56
52
49
37
50
70
97
117
100
105
111
37
50
70
97
117
100
105
111
95
101
110
37
50
70
56
53
55
52
54
55
49
57
50
56
48
49
50
56
46
116
115
41
47
98
112
40
108
105
118
101
37
50
70
118
49
37
50
70
112
114
100
37
50
70
86
101
118
111
50
107
37
50
70
116
115
95
97
101
115
41
47
112
40
50
48
50
54
48
55
50
49
95
49
55
53
56
52
49
37
50
70
118
105
100
101
111
37
50
70
55
50
48
112
45
50
52
48
48
48
48
48
41
47
115
105
103
110
47
118
49
47
85
112
54
111
110
99
86
71
115
116
115
54
77
86
120
55
74
104
108
97
105
118
79
80
67
52
114
95
54
100
74
105
79
87
66
86
66
102
100
75
55
67
85
61
47
49
54
48
55
55
53
48
57
56
54
53
48
48
48
48
46
116
115
10
35
80
76
85
84
79
45
83
69
83
83
73
79
78
45
73
68
58
83
65
77
83
85
78
71
45
84
86
80
76
85
83
45
53
102
50
51
102
53
98
49
45
100
98
98
52
45
52
50
49
99
45
57
54
100
50
45
97
102
56
52
55
56
53
99
101
52
54
50
10
35
80
76
85
84
79
45
86
69
82
83
73
79
78
58
49
46
52
50
46
48
45
112
114
111
100
117
99
116
105
111
110
45
107
118
101
116
99
104
45
104
108
115
45
118
108
108
45
109
117
120
10
